

::Game #: 1::

	::Hand 1::

		9
	3		2
		6

		7
	3		8
		1

		4
	9		7
		7

		7
	8		4
		1

		3
	6		6
		5

	::Hand 2::

		3
	9		6
		3

		2
	6		8
		2

		3
	1		4
		8

		2
	4		5
		2

		3
	1		7
		6

	::Results::
******************************************************************************** 

		5
	5		9
		6

		4
	9		7
		7

		1
	7		3
		8

		3
	3		9
		6

		6
	9		3
		2

		7
	3		1
		9

		3
	1		4
		8

		2
	4		5
		2

		6
	5		3
		6

		6
	3		1
		7

		4
	1		7
		8

		8
	7		1
		7
	::Final Hands::
********************************************************************************

	::Player 1 Final Hand::

	[::Hand is Empty::]


	::Player 2 Final Hand::


		8
	2		2
		6

		9
	8		1
		2
	[::Player 1 Wins!::]
